0.00000000000000000000
0.48943483704846357796
9.79033725601359883228
0.00000000000000000000
991.20016442648454813025
0.00000000000000000000
0.00000000000000000000
0.00000000000000000000
0.00000000000000000000
762.89857263953751953522
0.00000000000000000000
245.93888061404925338138
416.35499969669825759411
495.21225528860702524980
0.00000000000000000000
0.00000000000000000000
0.00000000000000000000
766.69905678742816235172
740.04046673514153553697
495.84111906678481318522
741.20396726913509155565
0.00000000000000000000
321.92124479252208857361
548.58731192703169199376
491.77794060607413939579
0.00000000000000000000
0.00000000000000000000
184.32673838160337709269
0.00000000000000000000
344.25513509862668115602
0.00000000000000000000
0.00000000000000000000
180.99893540154869242542
0.00000000000000000000
575.18871958115107645426
0.00000000000000000000
0.00000000000000000000
59.38084153320021130185
141.12788978749978241467
802.82038956266023888020
0.00000000000000000000
0.00000000000000000000
393.13428564223772809783
741.33053884015157564136
627.42894803510819201620
0.00000000000000000000
0.00000000000000000000
119.58417790738536723438
405.46632654992492916790
358.92782534803416183422
0.00000000000000000000
0.00000000000000000000
128.53883509163091503069
515.33319993376255752082
323.28972485529772029622
385.06447671493987172653
0.00000000000000000000
0.00000000000000000000
635.83392119625193572574
919.92503120989408671448
0.00000000000000000000
0.00000000000000000000
0.00000000000000000000
580.17479234495954187878
51.51988546961961645820
0.00000000000000000000
0.00000000000000000000
56.50677369377493164393
132.52297424144020965286
